i: 142, score: 0.500676421227, precision: 0.534404766664, recall: 0.500676421227, classes: {0: 44, 1: 1658, -1: 1479}
margin: 0.00452979316495, window: 18900, back_windows: [3000, 20100, 22200]back_other: 9000

