i: 10, score: 0.892858320099, precision: 0.821178895358, recall: 0.892858320099, classes: {0: 2983, 1: 96, -1: 101}
margin: 0.0223089511227, window: 600, back_windows: [900, 18000, 31800]back_other: 25200

