i: 222, score: 0.45008301104, precision: 0.504174815772, recall: 0.45008301104, classes: {0: 1123, 1: 1061, -1: 997}
margin: 0.0134090425325, window: 15000, back_windows: [1500, 21600, 27600]back_other: 22200

