i: 148, score: 0.439169853411, precision: 0.452746078513, recall: 0.439169853411, classes: {0: 886, 1: 1200, -1: 1095}
margin: 0.012687280736, window: 20100, back_windows: [900, 12900, 22800]back_other: 15000

