i: 14, score: 0.498533711633, precision: 0.543477995457, recall: 0.498533711633, classes: {0: 201, 1: 1562, -1: 1413}
margin: 0.00563095750811, window: 12600, back_windows: [3000, 11400, 40200]back_other: 8400

