i: 204, score: 0.439504670993, precision: 0.484102820671, recall: 0.439504670993, classes: {0: 1131, 1: 1053, -1: 993}
margin: 0.0111307375544, window: 9000, back_windows: [3300, 16500, 37800]back_other: 22500

