i: 69, score: 0.454021160773, precision: 0.436005856915, recall: 0.454021160773, classes: {0: 682, 1: 1295, -1: 1199}
margin: 0.0103241665645, window: 18300, back_windows: [2700, 5400, 40800]back_other: 25200

