i: 157, score: 0.565325487473, precision: 0.582535995865, recall: 0.565325487473, classes: {0: 1991, 1: 622, -1: 564}
margin: 0.022849834627, window: 11400, back_windows: [1800, 13800, 34800]back_other: 11100

