i: 63, score: 0.495966298992, precision: 0.500945382382, recall: 0.495966298992, classes: {0: 1939, 1: 642, -1: 600}
margin: 0.00856309503647, window: 1500, back_windows: [1800, 15600, 22800]back_other: 1500

