i: 216, score: 0.467018120267, precision: 0.501358066965, recall: 0.467018120267, classes: {0: 1052, 1: 1100, -1: 1029}
margin: 0.00760713880096, window: 4200, back_windows: [3300, 14700, 27000]back_other: 39300

