i: 228, score: 0.393611558726, precision: 0.452423847507, recall: 0.393611558726, classes: {0: 1011, 1: 1119, -1: 1050}
margin: 0.00582889855937, window: 2700, back_windows: [1800, 4200, 29100]back_other: 23400

