i: 66, score: 0.502996921705, precision: 0.523836361201, recall: 0.502996921705, classes: {0: 50, 1: 1663, -1: 1463}
margin: 0.00489465158375, window: 21600, back_windows: [2700, 21600, 43200]back_other: 23700

