i: 226, score: 0.436133175071, precision: 0.445427409938, recall: 0.436133175071, classes: {0: 721, 1: 1280, -1: 1179}
margin: 0.0106086164983, window: 18300, back_windows: [1800, 8100, 31200]back_other: 20700

