i: 135, score: 0.452832158518, precision: 0.4631383439, recall: 0.452832158518, classes: {0: 679, 1: 1275, -1: 1226}
margin: 0.00845577986746, window: 9900, back_windows: [3600, 12900, 30600]back_other: 38400

