i: 164, score: 0.51939284118, precision: 0.551787255686, recall: 0.51939284118, classes: {0: 1900, 1: 666, -1: 610}
margin: 0.0203859408787, window: 10500, back_windows: [3300, 16200, 43200]back_other: 14700

