i: 53, score: 0.677789022921, precision: 0.626042149199, recall: 0.677789022921, classes: {0: 2444, 1: 392, -1: 345}
margin: 0.0264062347884, window: 6900, back_windows: [2400, 10800, 24600]back_other: 21900

