i: 194, score: 0.472426497176, precision: 0.52014808806, recall: 0.472426497176, classes: {0: 1232, 1: 1004, -1: 944}
margin: 0.0111647197725, window: 7800, back_windows: [2700, 12900, 32400]back_other: 34800

