i: 156, score: 0.5181314275, precision: 0.527764881415, recall: 0.5181314275, classes: {0: 32, 1: 1670, -1: 1474}
margin: 0.00449222837738, window: 21600, back_windows: [3300, 9600, 39900]back_other: 33000

