i: 71, score: 0.471685597188, precision: 0.506923903145, recall: 0.471685597188, classes: {0: 112, 1: 1638, -1: 1431}
margin: 0.00572961808624, window: 20700, back_windows: [900, 12600, 23700]back_other: 3000

