i: 149, score: 0.420849104365, precision: 0.44105727959, recall: 0.420849104365, classes: {0: 823, 1: 1204, -1: 1153}
margin: 0.0101219560884, window: 12900, back_windows: [1800, 16200, 32100]back_other: 28800

