i: 64, score: 0.628455261518, precision: 0.611794313593, recall: 0.628455261518, classes: {0: 2327, 1: 446, -1: 404}
margin: 0.0325856563943, window: 13800, back_windows: [900, 15000, 33600]back_other: 32400

