i: 132, score: 0.526707799359, precision: 0.558125042073, recall: 0.526707799359, classes: {0: 212, 1: 1547, -1: 1418}
margin: 0.00536646918724, window: 10500, back_windows: [1800, 21300, 36300]back_other: 18900

