i: 110, score: 0.488453243555, precision: 0.568214374322, recall: 0.488453243555, classes: {0: 1840, 1: 699, -1: 638}
margin: 0.0266892511999, window: 21300, back_windows: [600, 18000, 36900]back_other: 11400

