i: 155, score: 0.453644880134, precision: 0.527844252183, recall: 0.453644880134, classes: {0: 1356, 1: 936, -1: 888}
margin: 0.0126842091767, window: 8400, back_windows: [2100, 7500, 29100]back_other: 12900

