i: 212, score: 0.444605105429, precision: 0.492061005418, recall: 0.444605105429, classes: {0: 1117, 1: 1071, -1: 988}
margin: 0.0136578252717, window: 15900, back_windows: [3000, 8100, 41100]back_other: 33600

