i: 30, score: 0.486797247925, precision: 0.493725831038, recall: 0.486797247925, classes: {0: 272, 1: 1530, -1: 1375}
margin: 0.00546513451816, window: 9000, back_windows: [1500, 20100, 36000]back_other: 9300

