i: 201, score: 0.440261163689, precision: 0.482498404553, recall: 0.440261163689, classes: {0: 1123, 1: 1057, -1: 997}
margin: 0.012531699339, window: 12300, back_windows: [1500, 17700, 39000]back_other: 6600

