i: 211, score: 0.476497509557, precision: 0.48728365162, recall: 0.476497509557, classes: {0: 497, 1: 1394, -1: 1285}
margin: 0.00871789035641, window: 17100, back_windows: [3000, 15600, 43200]back_other: 8100

