i: 31, score: 0.760637911013, precision: 0.694990301576, recall: 0.760637911013, classes: {0: 2654, 1: 277, -1: 245}
margin: 0.0295829444198, window: 5100, back_windows: [2400, 15000, 42300]back_other: 30900

