i: 87, score: 0.592142169634, precision: 0.584688346971, recall: 0.592142169634, classes: {0: 2126, 1: 563, -1: 488}
margin: 0.0335734262443, window: 21600, back_windows: [2700, 15900, 39000]back_other: 17700

