i: 199, score: 0.780479850003, precision: 0.684517357138, recall: 0.780479850003, classes: {0: 2687, 1: 252, -1: 237}
margin: 0.0258401658368, window: 3600, back_windows: [1800, 7800, 41100]back_other: 38400

