i: 51, score: 0.518971153422, precision: 0.571900489718, recall: 0.518971153422, classes: {0: 1806, 1: 712, -1: 659}
margin: 0.0235254119421, window: 17100, back_windows: [1500, 13800, 36300]back_other: 19800

