i: 80, score: 0.461654711739, precision: 0.490835585429, recall: 0.461654711739, classes: {0: 535, 1: 1346, -1: 1296}
margin: 0.00761336743871, window: 10500, back_windows: [2700, 17100, 34800]back_other: 13800

