i: 200, score: 0.458434190294, precision: 0.460663403917, recall: 0.458434190294, classes: {0: 721, 1: 1279, -1: 1176}
margin: 0.0106086164983, window: 18300, back_windows: [1200, 10200, 41100]back_other: 19200

