i: 134, score: 0.481699139424, precision: 0.544559503336, recall: 0.481699139424, classes: {0: 1587, 1: 812, -1: 782}
margin: 0.016698161194, window: 10800, back_windows: [600, 16200, 24900]back_other: 34500

