i: 68, score: 0.541208915783, precision: 0.578672169296, recall: 0.541208915783, classes: {0: 1938, 1: 645, -1: 594}
margin: 0.0222513542268, window: 12000, back_windows: [1200, 6600, 38700]back_other: 30300

