i: 47, score: 0.537243582415, precision: 0.579324052724, recall: 0.537243582415, classes: {0: 69, 1: 1652, -1: 1456}
margin: 0.00461144831393, window: 16500, back_windows: [3300, 13500, 39300]back_other: 21600

