i: 191, score: 0.475488116519, precision: 0.519807408062, recall: 0.475488116519, classes: {0: 455, 1: 1392, -1: 1330}
margin: 0.00767299332247, window: 13200, back_windows: [3300, 19800, 33900]back_other: 34500

