i: 158, score: 0.818108813434, precision: 0.714574150365, recall: 0.818108813434, classes: {0: 2803, 1: 192, -1: 185}
margin: 0.0193542104666, window: 1200, back_windows: [1800, 6300, 30900]back_other: 21600

