i: 88, score: 0.725872888331, precision: 0.653661898574, recall: 0.725872888331, classes: {0: 2639, 1: 288, -1: 250}
margin: 0.0306104264246, window: 5700, back_windows: [2700, 7500, 36300]back_other: 18300

