i: 119, score: 0.466734329456, precision: 0.475206571582, recall: 0.466734329456, classes: {0: 566, 1: 1352, -1: 1259}
margin: 0.00589850913096, window: 5400, back_windows: [600, 9300, 36900]back_other: 32400

