i: 100, score: 0.469489890517, precision: 0.46950176451, recall: 0.469489890517, classes: {0: 496, 1: 1406, -1: 1275}
margin: 0.00907708065073, window: 18900, back_windows: [2400, 6900, 36600]back_other: 4800

