i: 86, score: 0.651651750988, precision: 0.626801331152, recall: 0.651651750988, classes: {0: 2303, 1: 456, -1: 421}
margin: 0.0286882202347, window: 10800, back_windows: [300, 12000, 30300]back_other: 31800

