i: 49, score: 0.539938023871, precision: 0.553919005619, recall: 0.539938023871, classes: {0: 2034, 1: 604, -1: 538}
margin: 0.0283323575445, window: 17400, back_windows: [2100, 12300, 41100]back_other: 28200

