i: 102, score: 0.587350910542, precision: 0.585916807508, recall: 0.587350910542, classes: {0: 2104, 1: 552, -1: 520}
margin: 0.0254121556683, window: 12300, back_windows: [1200, 18900, 41400]back_other: 22200

