i: 217, score: 0.419306173095, precision: 0.469683206919, recall: 0.419306173095, classes: {0: 1117, 1: 1072, -1: 992}
margin: 0.0136578252717, window: 15900, back_windows: [600, 18900, 27900]back_other: 40800

