i: 127, score: 0.483305967735, precision: 0.52707568586, recall: 0.483305967735, classes: {0: 1624, 1: 818, -1: 735}
margin: 0.0106582101987, window: 3900, back_windows: [3600, 18600, 37800]back_other: 40500

