i: 159, score: 0.573946234546, precision: 0.61459953395, recall: 0.573946234546, classes: {0: 2152, 1: 547, -1: 478}
margin: 0.0309646504313, window: 17400, back_windows: [600, 10500, 35400]back_other: 29700

