i: 6, score: 0.672989950719, precision: 0.62913730336, recall: 0.672989950719, classes: {0: 2384, 1: 411, -1: 386}
margin: 0.0301978419994, window: 10200, back_windows: [2400, 18900, 21900]back_other: 2100

