i: 165, score: 0.593243709634, precision: 0.624964822481, recall: 0.593243709634, classes: {0: 2166, 1: 530, -1: 485}
margin: 0.032934288459, window: 19500, back_windows: [3000, 17400, 27600]back_other: 24300

