i: 171, score: 0.782088395028, precision: 0.692406017925, recall: 0.782088395028, classes: {0: 2698, 1: 252, -1: 231}
margin: 0.0162133741374, window: 1200, back_windows: [2700, 15000, 23100]back_other: 17100

