i: 214, score: 0.35864352034, precision: 0.425814816558, recall: 0.35864352034, classes: {0: 1008, 1: 1111, -1: 1058}
margin: 0.00503441926594, window: 2100, back_windows: [3000, 19200, 37500]back_other: 33900

