i: 186, score: 0.560966760128, precision: 0.627513567423, recall: 0.560966760128, classes: {0: 2022, 1: 608, -1: 551}
margin: 0.0285826654112, window: 18300, back_windows: [2100, 21300, 22500]back_other: 31800

