i: 197, score: 0.473358739657, precision: 0.50983549713, recall: 0.473358739657, classes: {0: 1483, 1: 902, -1: 791}
margin: 0.0114188882229, window: 5700, back_windows: [2400, 4200, 42000]back_other: 28800

