i: 184, score: 0.486430173477, precision: 0.546017456807, recall: 0.486430173477, classes: {0: 1303, 1: 960, -1: 918}
margin: 0.0150245343393, window: 14100, back_windows: [2400, 4800, 25500]back_other: 39000

