i: 83, score: 0.470720201561, precision: 0.542379768507, recall: 0.470720201561, classes: {0: 1802, 1: 716, -1: 659}
margin: 0.0234399035309, window: 17100, back_windows: [3000, 18900, 34200]back_other: 9300

