i: 54, score: 0.483021322197, precision: 0.503078898935, recall: 0.483021322197, classes: {0: 210, 1: 1570, -1: 1400}
margin: 0.0066973056206, window: 19500, back_windows: [3600, 4800, 30600]back_other: 23100

