i: 67, score: 0.710696406927, precision: 0.646642956041, recall: 0.710696406927, classes: {0: 2582, 1: 316, -1: 283}
margin: 0.0317392785454, window: 7200, back_windows: [1500, 4500, 22800]back_other: 2700

