i: 179, score: 0.655820935796, precision: 0.605993833018, recall: 0.655820935796, classes: {0: 2343, 1: 449, -1: 385}
margin: 0.0245425983102, window: 7200, back_windows: [1200, 8100, 38700]back_other: 11100

