i: 196, score: 0.532590139316, precision: 0.558979953048, recall: 0.532590139316, classes: {0: 155, 1: 1571, -1: 1451}
margin: 0.00480148086826, window: 10500, back_windows: [1800, 16800, 38400]back_other: 23700

