i: 229, score: 0.438602928763, precision: 0.498112748488, recall: 0.438602928763, classes: {0: 1131, 1: 1043, -1: 1007}
margin: 0.0123253661284, window: 11700, back_windows: [1800, 9900, 28500]back_other: 4800

