i: 114, score: 0.424231153055, precision: 0.471770241194, recall: 0.424231153055, classes: {0: 904, 1: 1180, -1: 1096}
margin: 0.00752441082397, window: 5100, back_windows: [1800, 5700, 31800]back_other: 6900

