i: 123, score: 0.447107447487, precision: 0.517377837618, recall: 0.447107447487, classes: {0: 1562, 1: 833, -1: 785}
margin: 0.0183771147004, window: 14400, back_windows: [1500, 17400, 32400]back_other: 6600

