i: 117, score: 0.527234067024, precision: 0.556024220658, recall: 0.527234067024, classes: {0: 1863, 1: 696, -1: 621}
margin: 0.0152128403182, window: 5700, back_windows: [2700, 13500, 29400]back_other: 11400

