i: 40, score: 0.4682468076, precision: 0.529521059629, recall: 0.4682468076, classes: {0: 1245, 1: 990, -1: 942}
margin: 0.0114701749451, window: 8100, back_windows: [1200, 15000, 38400]back_other: 18000

