i: 18, score: 0.488539208356, precision: 0.547002552566, recall: 0.488539208356, classes: {0: 1161, 1: 1059, -1: 961}
margin: 0.0158787651934, window: 20100, back_windows: [1200, 16800, 25800]back_other: 36300

