i: 85, score: 0.397736232247, precision: 0.505746809933, recall: 0.397736232247, classes: {0: 1224, 1: 1010, -1: 947}
margin: 0.00643419142663, window: 2400, back_windows: [3300, 8100, 27600]back_other: 28800

