i: 75, score: 0.491770682702, precision: 0.555802676508, recall: 0.491770682702, classes: {0: 1882, 1: 666, -1: 629}
margin: 0.0237420957787, window: 15600, back_windows: [3600, 18000, 33900]back_other: 36600

