i: 21, score: 0.813816176605, precision: 0.722520578908, recall: 0.813816176605, classes: {0: 2780, 1: 201, -1: 195}
margin: 0.0296437964414, window: 3600, back_windows: [2700, 17400, 40800]back_other: 21900

