i: 231, score: 0.372950921673, precision: 0.463992709385, recall: 0.372950921673, classes: {0: 1021, 1: 1098, -1: 1058}
margin: 0.00260453592248, window: 900, back_windows: [2400, 9600, 34200]back_other: 21000

