i: 154, score: 0.654385367489, precision: 0.614628806356, recall: 0.654385367489, classes: {0: 2373, 1: 420, -1: 384}
margin: 0.0306921312635, window: 10800, back_windows: [3300, 10500, 36600]back_other: 5100

