i: 162, score: 0.472651822767, precision: 0.51731069916, recall: 0.472651822767, classes: {0: 923, 1: 1182, -1: 1074}
margin: 0.0125438291602, window: 18600, back_windows: [2400, 12000, 33000]back_other: 35400

