i: 173, score: 0.517785819403, precision: 0.57727919755, recall: 0.517785819403, classes: {0: 1907, 1: 659, -1: 615}
margin: 0.0264860164451, window: 18900, back_windows: [1200, 6600, 24300]back_other: 30600

