i: 141, score: 0.728595385067, precision: 0.664025714727, recall: 0.728595385067, classes: {0: 2549, 1: 341, -1: 286}
margin: 0.0278867369668, window: 6000, back_windows: [1500, 11100, 42900]back_other: 41400

