i: 16, score: 0.466981132075, precision: 0.472748277623, recall: 0.466981132075, classes: {0: 1128, 1: 1050, -1: 1004}
margin: 0.0121367940944, window: 11100, back_windows: [600, 21300, 33300]back_other: 34500

