i: 161, score: 0.505217896926, precision: 0.52717144544, recall: 0.505217896926, classes: {0: 222, 1: 1548, -1: 1406}
margin: 0.00608629537747, window: 13800, back_windows: [1800, 4500, 41700]back_other: 29400

