i: 131, score: 0.650148297395, precision: 0.623049722613, recall: 0.650148297395, classes: {0: 2325, 1: 448, -1: 407}
margin: 0.0331068323742, window: 14400, back_windows: [2100, 13500, 29400]back_other: 39000

