i: 74, score: 0.452857510505, precision: 0.541661691221, recall: 0.452857510505, classes: {0: 1372, 1: 927, -1: 882}
margin: 0.0147418890867, window: 12000, back_windows: [2700, 7800, 25800]back_other: 18600

