i: 147, score: 0.487185218579, precision: 0.514248025112, recall: 0.487185218579, classes: {0: 438, 1: 1409, -1: 1329}
margin: 0.00712889166352, window: 11100, back_windows: [2100, 4200, 39900]back_other: 34500

