i: 207, score: 0.491769763786, precision: 0.48834361276, recall: 0.491769763786, classes: {0: 497, 1: 1394, -1: 1285}
margin: 0.00871789035641, window: 17100, back_windows: [1800, 14400, 40800]back_other: 41700

