i: 206, score: 0.437553284743, precision: 0.516947901039, recall: 0.437553284743, classes: {0: 1120, 1: 1064, -1: 997}
margin: 0.0135051404967, window: 15300, back_windows: [1800, 17400, 24000]back_other: 24000

