i: 34, score: 0.506564407242, precision: 0.528145076289, recall: 0.506564407242, classes: {0: 1938, 1: 659, -1: 579}
margin: 0.0117863230348, window: 3000, back_windows: [2700, 4200, 39900]back_other: 1200

