i: 104, score: 0.595631363258, precision: 0.615243611629, recall: 0.595631363258, classes: {0: 2141, 1: 543, -1: 497}
margin: 0.0325839537333, window: 19800, back_windows: [3000, 7200, 22500]back_other: 15000

