i: 7, score: 0.552306751745, precision: 0.617632023529, recall: 0.552306751745, classes: {0: 2001, 1: 595, -1: 580}
margin: 0.0253683284315, window: 15000, back_windows: [2700, 21000, 39600]back_other: 25800

