i: 76, score: 0.537447907778, precision: 0.562006240354, recall: 0.537447907778, classes: {0: 1993, 1: 618, -1: 566}
margin: 0.0277261795594, window: 18000, back_windows: [1500, 7200, 35100]back_other: 20100

