i: 210, score: 0.439302284117, precision: 0.503388093871, recall: 0.439302284117, classes: {0: 1117, 1: 1068, -1: 991}
margin: 0.0135532272852, window: 15600, back_windows: [2700, 15300, 40200]back_other: 24000

