i: 126, score: 0.803568117326, precision: 0.722563568324, recall: 0.803568117326, classes: {0: 2767, 1: 211, -1: 202}
margin: 0.028868122356, window: 3600, back_windows: [2100, 16800, 31500]back_other: 5400

