i: 213, score: 0.45110077515, precision: 0.499897147281, recall: 0.45110077515, classes: {0: 1074, 1: 1110, -1: 993}
margin: 0.0151083691326, window: 21000, back_windows: [900, 14700, 37200]back_other: 12300

