i: 93, score: 0.496850813979, precision: 0.545994555357, recall: 0.496850813979, classes: {0: 1933, 1: 644, -1: 599}
margin: 0.0266824679684, window: 18300, back_windows: [2700, 9600, 41400]back_other: 23700

