i: 62, score: 0.526048924038, precision: 0.532982030719, recall: 0.526048924038, classes: {0: 1979, 1: 636, -1: 562}
margin: 0.0179277207761, window: 6900, back_windows: [2700, 10500, 33900]back_other: 9300

