i: 227, score: 0.380728513839, precision: 0.443915315739, recall: 0.380728513839, classes: {0: 1003, 1: 1105, -1: 1069}
margin: 0.00542578987379, window: 2400, back_windows: [600, 17400, 34800]back_other: 24300

