i: 195, score: 0.643825592814, precision: 0.626209742723, recall: 0.643825592814, classes: {0: 2277, 1: 469, -1: 435}
margin: 0.0281419660348, window: 10800, back_windows: [300, 14700, 27900]back_other: 32100

