i: 99, score: 0.578571093249, precision: 0.578613464614, recall: 0.578571093249, classes: {0: 2013, 1: 605, -1: 559}
margin: 0.0218561145443, window: 10200, back_windows: [2700, 12000, 34500]back_other: 9600

