i: 108, score: 0.457456372057, precision: 0.47119924182, recall: 0.457456372057, classes: {0: 474, 1: 1408, -1: 1298}
margin: 0.00836509910546, window: 16500, back_windows: [3000, 16800, 29400]back_other: 6900

