i: 153, score: 0.425259635289, precision: 0.488918876835, recall: 0.425259635289, classes: {0: 1164, 1: 1042, -1: 975}
margin: 0.0140721761902, window: 15600, back_windows: [600, 19800, 28500]back_other: 30300

