i: 170, score: 0.422977209546, precision: 0.476327914042, recall: 0.422977209546, classes: {0: 1046, 1: 1102, -1: 1029}
margin: 0.00896055616869, window: 6000, back_windows: [900, 6900, 37200]back_other: 5400

