i: 50, score: 0.445273446216, precision: 0.488629634288, recall: 0.445273446216, classes: {0: 1519, 1: 877, -1: 785}
margin: 0.012203957147, window: 6300, back_windows: [1800, 16800, 25200]back_other: 9600

