i: 8, score: 0.500453406822, precision: 0.558740389271, recall: 0.500453406822, classes: {0: 1371, 1: 950, -1: 858}
margin: 0.01833792164, window: 19500, back_windows: [2400, 7200, 33000]back_other: 34500

