i: 225, score: 0.475764550689, precision: 0.483270167611, recall: 0.475764550689, classes: {0: 602, 1: 1354, -1: 1221}
margin: 0.01007502364, window: 19800, back_windows: [1800, 15600, 37200]back_other: 22800

