i: 13, score: 0.746816868018, precision: 0.663409635883, recall: 0.746816868018, classes: {0: 2660, 1: 272, -1: 249}
margin: 0.0338565719257, window: 6600, back_windows: [2400, 15000, 28800]back_other: 35400

