i: 56, score: 0.523480372657, precision: 0.58438581292, recall: 0.523480372657, classes: {0: 1855, 1: 676, -1: 646}
margin: 0.0220968896834, window: 13800, back_windows: [1500, 15600, 33600]back_other: 12600

