i: 152, score: 0.679186033455, precision: 0.638033620121, recall: 0.679186033455, classes: {0: 2469, 1: 364, -1: 348}
margin: 0.0320599201872, window: 9900, back_windows: [1500, 7200, 27900]back_other: 33000

