i: 107, score: 0.44623687143, precision: 0.485866229556, recall: 0.44623687143, classes: {0: 986, 1: 1121, -1: 1073}
margin: 0.0113881023094, window: 12600, back_windows: [2700, 14100, 32400]back_other: 42900

