i: 215, score: 0.476024608578, precision: 0.533567832259, recall: 0.476024608578, classes: {0: 1132, 1: 1042, -1: 1007}
margin: 0.0122283215656, window: 11400, back_windows: [900, 16800, 26400]back_other: 13500

