i: 115, score: 0.604343527143, precision: 0.605992661367, recall: 0.604343527143, classes: {0: 2138, 1: 535, -1: 504}
margin: 0.0273026719216, window: 13200, back_windows: [3000, 20400, 35700]back_other: 24300

