i: 97, score: 0.428569822305, precision: 0.494515322513, recall: 0.428569822305, classes: {0: 1391, 1: 938, -1: 852}
margin: 0.0175837509529, window: 17400, back_windows: [1800, 6000, 25500]back_other: 25500

