i: 42, score: 0.740295952269, precision: 0.665538606821, recall: 0.740295952269, classes: {0: 2597, 1: 310, -1: 270}
margin: 0.0287498820023, window: 5700, back_windows: [2700, 21300, 37200]back_other: 39900

