i: 208, score: 0.425617053688, precision: 0.488482216191, recall: 0.425617053688, classes: {0: 990, 1: 1121, -1: 1065}
margin: 0.00143643424196, window: 600, back_windows: [600, 6000, 39600]back_other: 38100

