i: 44, score: 0.489954972892, precision: 0.538387924318, recall: 0.489954972892, classes: {0: 1792, 1: 716, -1: 669}
margin: 0.0205767565774, window: 12600, back_windows: [1500, 8400, 35400]back_other: 3300

