i: 4, score: 0.505534594444, precision: 0.551304766556, recall: 0.505534594444, classes: {0: 1721, 1: 758, -1: 698}
margin: 0.0178366944062, window: 10200, back_windows: [600, 14100, 36000]back_other: 42600

