i: 138, score: 0.656085435488, precision: 0.630684971278, recall: 0.656085435488, classes: {0: 2291, 1: 469, -1: 420}
margin: 0.0248030528557, window: 8400, back_windows: [1500, 18000, 31200]back_other: 14700

