i: 190, score: 0.715480936118, precision: 0.634335870439, recall: 0.715480936118, classes: {0: 2594, 1: 307, -1: 276}
margin: 0.0329384205635, window: 7500, back_windows: [1800, 18900, 39300]back_other: 27300

