i: 218, score: 0.41990245092, precision: 0.490290763893, recall: 0.41990245092, classes: {0: 1123, 1: 1048, -1: 1005}
margin: 0.0118639531938, window: 10500, back_windows: [900, 11700, 42600]back_other: 1200

