i: 209, score: 0.475112696688, precision: 0.546377511302, recall: 0.475112696688, classes: {0: 1096, 1: 1081, -1: 1004}
margin: 0.00967645947062, window: 6600, back_windows: [1200, 11100, 22800]back_other: 30000

