i: 41, score: 0.492038299944, precision: 0.497865189634, recall: 0.492038299944, classes: {0: 356, 1: 1476, -1: 1344}
margin: 0.00565086933052, window: 7800, back_windows: [600, 18000, 42300]back_other: 35400

