i: 1, score: 0.456505203747, precision: 0.47087018805, recall: 0.456505203747, classes: {0: 492, 1: 1387, -1: 1302}
margin: 0.00714447518863, window: 9600, back_windows: [1500, 12600, 24900]back_other: 5700

