i: 188, score: 0.464311370012, precision: 0.518822082442, recall: 0.464311370012, classes: {0: 1473, 1: 890, -1: 814}
margin: 0.0139516128798, window: 8700, back_windows: [2700, 9300, 39300]back_other: 25500

