i: 221, score: 0.447644724543, precision: 0.440058416311, recall: 0.447644724543, classes: {0: 578, 1: 1367, -1: 1236}
margin: 0.00982398001623, window: 19500, back_windows: [2400, 12600, 27600]back_other: 15600

