i: 55, score: 0.486971168373, precision: 0.548667701095, recall: 0.486971168373, classes: {0: 1184, 1: 1041, -1: 951}
margin: 0.0156382894594, window: 18900, back_windows: [600, 7500, 42900]back_other: 33000

