i: 12, score: 0.446515249522, precision: 0.499135890801, recall: 0.446515249522, classes: {0: 1038, 1: 1130, -1: 1012}
margin: 0.0143463868007, window: 20400, back_windows: [2100, 19800, 30600]back_other: 21900

