i: 202, score: 0.360681381696, precision: 0.434630490792, recall: 0.360681381696, classes: {0: 999, 1: 1114, -1: 1064}
margin: 0.00452158114737, window: 1800, back_windows: [2400, 16500, 37200]back_other: 3300

