i: 139, score: 0.808144677581, precision: 0.722677335677, recall: 0.808144677581, classes: {0: 2782, 1: 205, -1: 194}
margin: 0.0305498986523, window: 3900, back_windows: [3600, 14400, 27000]back_other: 18000

