i: 52, score: 0.745615136488, precision: 0.680926815507, recall: 0.745615136488, classes: {0: 2599, 1: 308, -1: 274}
margin: 0.0272980302065, window: 5100, back_windows: [1200, 14700, 22800]back_other: 18900

