i: 35, score: 0.517681286787, precision: 0.540885408524, recall: 0.517681286787, classes: {0: 147, 1: 1610, -1: 1419}
margin: 0.00578859472306, window: 17100, back_windows: [900, 19800, 42600]back_other: 7500

