i: 0, score: 0.490598785074, precision: 0.516792091285, recall: 0.490598785074, classes: {0: 46741, 1: 47114, -1: 44427}
margin: 0.0324907084642, window: 12900, back_windows: [1200, 15600, 39900]back_other: 35100

