i: 174, score: 0.701494563204, precision: 0.645328990029, recall: 0.701494563204, classes: {0: 2517, 1: 338, -1: 326}
margin: 0.0324607002908, window: 9000, back_windows: [3000, 5700, 28200]back_other: 34500

