i: 11, score: 0.435479657947, precision: 0.478722603418, recall: 0.435479657947, classes: {0: 1153, 1: 1058, -1: 966}
margin: 0.0144593719431, window: 17100, back_windows: [2100, 8100, 38100]back_other: 10200

