i: 189, score: 0.610298492559, precision: 0.566594153848, recall: 0.610298492559, classes: {0: 2290, 1: 473, -1: 413}
margin: 0.0220109839921, window: 6300, back_windows: [3300, 9600, 42900]back_other: 18300

