i: 129, score: 0.480384217014, precision: 0.488123656512, recall: 0.480384217014, classes: {0: 274, 1: 1533, -1: 1374}
margin: 0.00690855011661, window: 16800, back_windows: [2400, 17700, 26700]back_other: 26100

