i: 81, score: 0.614018241534, precision: 0.585118295671, recall: 0.614018241534, classes: {0: 2181, 1: 520, -1: 478}
margin: 0.0265615968202, window: 11400, back_windows: [3000, 6600, 33000]back_other: 25200

