i: 168, score: 0.930857136122, precision: 0.889672772702, recall: 0.930857136122, classes: {0: 3048, 1: 61, -1: 71}
margin: 0.0277793905544, window: 600, back_windows: [2700, 11700, 31200]back_other: 5400

