i: 29, score: 0.61659101302, precision: 0.608670108184, recall: 0.61659101302, classes: {0: 2165, 1: 535, -1: 480}
margin: 0.0229466705427, window: 8700, back_windows: [1800, 18300, 29100]back_other: 28800

