i: 72, score: 0.449738061716, precision: 0.472109749767, recall: 0.449738061716, classes: {0: 588, 1: 1344, -1: 1249}
margin: 0.00709355931631, window: 7500, back_windows: [1500, 10500, 23100]back_other: 600

