i: 78, score: 0.530481325012, precision: 0.600811522873, recall: 0.530481325012, classes: {0: 1998, 1: 605, -1: 573}
margin: 0.0263841102173, window: 16200, back_windows: [2100, 20400, 42000]back_other: 22500

