i: 113, score: 0.401547364972, precision: 0.46007286127, recall: 0.401547364972, classes: {0: 771, 1: 1234, -1: 1172}
margin: 0.00427597689793, window: 2400, back_windows: [2400, 18900, 35100]back_other: 28500

