i: 23, score: 0.630503589372, precision: 0.632863994541, recall: 0.630503589372, classes: {0: 2180, 1: 510, -1: 489}
margin: 0.0263462238369, window: 11100, back_windows: [1800, 18000, 33000]back_other: 41100

