i: 103, score: 0.487251969971, precision: 0.557767077101, recall: 0.487251969971, classes: {0: 1675, 1: 777, -1: 725}
margin: 0.0180460738918, window: 11100, back_windows: [3000, 17700, 37200]back_other: 13500

