i: 220, score: 0.449615118713, precision: 0.522052663232, recall: 0.449615118713, classes: {0: 1128, 1: 1048, -1: 1000}
margin: 0.0121355813908, window: 11100, back_windows: [1800, 7500, 40200]back_other: 27300

