i: 0, score: 0.486006653167, precision: 0.517067435269, recall: 0.486006653167, classes: {0: 46830, 1: 47102, -1: 44350}
margin: 0.0340708960653, window: 14400, back_windows: [300, 5700, 26400]back_other: 20400

