i: 60, score: 0.470262635034, precision: 0.540874084365, recall: 0.470262635034, classes: {0: 1189, 1: 1025, -1: 962}
margin: 0.0133265042912, window: 12900, back_windows: [600, 16800, 42300]back_other: 39000

