i: 172, score: 0.628830381903, precision: 0.613715222038, recall: 0.628830381903, classes: {0: 2259, 1: 485, -1: 433}
margin: 0.0332701246623, window: 16500, back_windows: [600, 17400, 36600]back_other: 9000

