i: 112, score: 0.509604904299, precision: 0.542158428611, recall: 0.509604904299, classes: {0: 58, 1: 1656, -1: 1467}
margin: 0.00464724806281, window: 18300, back_windows: [1800, 21000, 27000]back_other: 38400

