i: 224, score: 0.387914824177, precision: 0.452063373191, recall: 0.387914824177, classes: {0: 1000, 1: 1115, -1: 1066}
margin: 0.00335989586748, window: 1200, back_windows: [2100, 5400, 22800]back_other: 15000

