i: 33, score: 0.520406838258, precision: 0.543956623345, recall: 0.520406838258, classes: {0: 1927, 1: 651, -1: 603}
margin: 0.0215586548728, window: 11100, back_windows: [2700, 10200, 27900]back_other: 2100

