i: 0, score: 0.481016777553, precision: 0.51311539301, recall: 0.481016777553, classes: {0: 46984, 1: 47077, -1: 44221}
margin: 0.0346694875423, window: 15000, back_windows: [3300, 12900, 27300]back_other: 11700

