i: 176, score: 0.612531355364, precision: 0.613419699771, recall: 0.612531355364, classes: {0: 2227, 1: 500, -1: 450}
margin: 0.0336903922776, window: 18300, back_windows: [2700, 14700, 37800]back_other: 17700

