i: 180, score: 0.543533367543, precision: 0.561742572349, recall: 0.543533367543, classes: {0: 1973, 1: 619, -1: 585}
margin: 0.0257325560231, window: 16200, back_windows: [1500, 8100, 38700]back_other: 900

