i: 145, score: 0.483803097767, precision: 0.539049769355, recall: 0.483803097767, classes: {0: 1645, 1: 785, -1: 751}
margin: 0.0173246174366, window: 10800, back_windows: [1800, 12000, 24000]back_other: 24900

