i: 0, score: 0.472772635233, precision: 0.507867995506, recall: 0.472772635233, classes: {0: 47074, 1: 46911, -1: 44297}
margin: 0.0394685794578, window: 20400, back_windows: [1200, 10200, 30000]back_other: 10500

