i: 130, score: 0.660419981063, precision: 0.653300004734, recall: 0.660419981063, classes: {0: 2317, 1: 451, -1: 413}
margin: 0.0321355557302, window: 13800, back_windows: [1800, 16200, 27300]back_other: 9000

