i: 98, score: 0.482417241302, precision: 0.474838214678, recall: 0.482417241302, classes: {0: 313, 1: 1503, -1: 1362}
margin: 0.0075348586328, window: 18600, back_windows: [2400, 11400, 33300]back_other: 14700

