i: 192, score: 0.475139616074, precision: 0.544837629483, recall: 0.475139616074, classes: {0: 1743, 1: 751, -1: 686}
margin: 0.0176677747733, window: 9600, back_windows: [600, 14700, 29700]back_other: 34800

