i: 0, score: 0.450498987561, precision: 0.45743269143, recall: 0.450498987561, classes: {0: 44388, 1: 46577, -1: 47317}
margin: 0.00875202355884, window: 1200, back_windows: [3300, 16800, 32100]back_other: 10200

