i: 0, score: 0.477834827885, precision: 0.494650645201, recall: 0.477834827885, classes: {0: 46501, 1: 45478, -1: 46303}
margin: 0.0167767894293, window: 3300, back_windows: [900, 20400, 37800]back_other: 2400

