i: 89, score: 0.436264356026, precision: 0.499382310632, recall: 0.436264356026, classes: {0: 1096, 1: 1068, -1: 1017}
margin: 0.0127797468682, window: 13500, back_windows: [2700, 6300, 22800]back_other: 8400

