i: 92, score: 0.617111235888, precision: 0.629227544168, recall: 0.617111235888, classes: {0: 2150, 1: 531, -1: 500}
margin: 0.0277082463312, window: 13500, back_windows: [1800, 18900, 25200]back_other: 12000

