i: 24, score: 0.478169850048, precision: 0.495560689083, recall: 0.478169850048, classes: {0: 567, 1: 1358, -1: 1252}
margin: 0.00616413346516, window: 6000, back_windows: [3300, 16500, 36300]back_other: 32700

