i: 187, score: 0.796991062721, precision: 0.702839189702, recall: 0.796991062721, classes: {0: 2745, 1: 220, -1: 211}
margin: 0.0279915469934, window: 3600, back_windows: [1200, 12600, 40200]back_other: 35100

