i: 37, score: 0.441270289744, precision: 0.461796749533, recall: 0.441270289744, classes: {0: 815, 1: 1253, -1: 1110}
margin: 0.0121406337042, window: 21300, back_windows: [2100, 13800, 33300]back_other: 29100

