i: 38, score: 0.785270169352, precision: 0.684365360752, recall: 0.785270169352, classes: {0: 2722, 1: 238, -1: 217}
margin: 0.0166649753215, window: 1200, back_windows: [1500, 21000, 33900]back_other: 32400

