i: 223, score: 0.461939102401, precision: 0.487731021358, recall: 0.461939102401, classes: {0: 1097, 1: 1075, -1: 1007}
margin: 0.00921292684136, window: 6000, back_windows: [2700, 12900, 33000]back_other: 31200

