i: 65, score: 0.460643364041, precision: 0.53809688501, recall: 0.460643364041, classes: {0: 1625, 1: 816, -1: 736}
margin: 0.0227345207134, window: 21000, back_windows: [1200, 12300, 36000]back_other: 10200

