i: 45, score: 0.938241715298, precision: 0.898155544631, recall: 0.938241715298, classes: {0: 3028, 1: 74, -1: 74}
margin: 0.029057953495, window: 900, back_windows: [1500, 4500, 42600]back_other: 11700

