i: 94, score: 0.453593692624, precision: 0.506371854537, recall: 0.453593692624, classes: {0: 1047, 1: 1083, -1: 1051}
margin: 0.0114066157077, window: 11100, back_windows: [900, 17400, 26400]back_other: 21600

