i: 178, score: 0.548655329305, precision: 0.563953498248, recall: 0.548655329305, classes: {0: 2003, 1: 625, -1: 548}
margin: 0.015110480595, window: 4500, back_windows: [1500, 11400, 42600]back_other: 40800

