i: 146, score: 0.402300425615, precision: 0.47899981847, recall: 0.402300425615, classes: {0: 1331, 1: 961, -1: 889}
margin: 0.016566388686, window: 17100, back_windows: [2400, 19500, 27000]back_other: 16200

