i: 106, score: 0.723607014962, precision: 0.644545428297, recall: 0.723607014962, classes: {0: 2608, 1: 303, -1: 265}
margin: 0.0314092095969, window: 6600, back_windows: [3300, 9600, 41100]back_other: 42300

