i: 181, score: 0.474926764118, precision: 0.497478298987, recall: 0.474926764118, classes: {0: 285, 1: 1511, -1: 1385}
margin: 0.00509082248961, window: 7800, back_windows: [3000, 7500, 28800]back_other: 4800

