i: 95, score: 0.451892184808, precision: 0.464718232728, recall: 0.451892184808, classes: {0: 919, 1: 1201, -1: 1057}
margin: 0.0133038893343, window: 21300, back_windows: [2700, 9000, 34200]back_other: 9300

