i: 128, score: 0.518918612139, precision: 0.591020791909, recall: 0.518918612139, classes: {0: 1668, 1: 786, -1: 726}
margin: 0.0193339742888, window: 13500, back_windows: [600, 14400, 30000]back_other: 7800

