i: 120, score: 0.463818886814, precision: 0.49321401318, recall: 0.463818886814, classes: {0: 530, 1: 1370, -1: 1277}
margin: 0.00866809941132, window: 15600, back_windows: [3000, 12900, 37200]back_other: 18000

