i: 177, score: 0.679438534821, precision: 0.641861172314, recall: 0.679438534821, classes: {0: 2401, 1: 413, -1: 367}
margin: 0.0283328354098, window: 8700, back_windows: [1500, 6000, 27900]back_other: 18000

