i: 0, score: 0.483475556841, precision: 0.512737418647, recall: 0.483475556841, classes: {0: 46816, 1: 46966, -1: 44500}
margin: 0.0308422960291, window: 11400, back_windows: [3000, 13200, 30000]back_other: 39300

