i: 163, score: 0.475704862648, precision: 0.48410920207, recall: 0.475704862648, classes: {0: 279, 1: 1511, -1: 1386}
margin: 0.00590982363087, window: 10500, back_windows: [1800, 16800, 40500]back_other: 11700

