i: 133, score: 0.491170173968, precision: 0.561018056434, recall: 0.491170173968, classes: {0: 1263, 1: 1017, -1: 901}
margin: 0.0176130033701, window: 21300, back_windows: [900, 14100, 24600]back_other: 40800

