i: 166, score: 0.620641172364, precision: 0.622651423153, recall: 0.620641172364, classes: {0: 2197, 1: 513, -1: 467}
margin: 0.0329307980802, window: 18600, back_windows: [2100, 12600, 39000]back_other: 2700

