i: 124, score: 0.646150423601, precision: 0.602014674566, recall: 0.646150423601, classes: {0: 2309, 1: 450, -1: 422}
margin: 0.0288220095288, window: 10800, back_windows: [1500, 8700, 23700]back_other: 25200

