i: 26, score: 0.630276972076, precision: 0.608617173118, recall: 0.630276972076, classes: {0: 2220, 1: 504, -1: 457}
margin: 0.0223029137778, window: 7500, back_windows: [2700, 18900, 23100]back_other: 35100

