i: 101, score: 0.518399049885, precision: 0.533707202064, recall: 0.518399049885, classes: {0: 1980, 1: 624, -1: 573}
margin: 0.0115065784586, window: 2700, back_windows: [3000, 17700, 33900]back_other: 24900

