i: 143, score: 0.49506064237, precision: 0.587661248654, recall: 0.49506064237, classes: {0: 1593, 1: 819, -1: 769}
margin: 0.0187323835504, window: 14100, back_windows: [2700, 10800, 25800]back_other: 32400

