i: 84, score: 0.529888831972, precision: 0.599782363518, recall: 0.529888831972, classes: {0: 1914, 1: 660, -1: 607}
margin: 0.0275846996071, window: 20100, back_windows: [2100, 5400, 25800]back_other: 26700

