i: 0, score: 0.463552212901, precision: 0.471734105243, recall: 0.463552212901, classes: {0: 44902, 1: 46587, -1: 46793}
margin: 0.01027043603, window: 1500, back_windows: [1500, 15900, 28200]back_other: 40200

