i: 32, score: 0.491584802685, precision: 0.524883183483, recall: 0.491584802685, classes: {0: 314, 1: 1496, -1: 1367}
margin: 0.00680029684054, window: 13800, back_windows: [1800, 6000, 33900]back_other: 11400

