i: 39, score: 0.767601016369, precision: 0.673961456478, recall: 0.767601016369, classes: {0: 2714, 1: 238, -1: 228}
margin: 0.021758470484, window: 2100, back_windows: [3300, 7500, 29400]back_other: 1800

