i: 91, score: 0.565306811723, precision: 0.606444948536, recall: 0.565306811723, classes: {0: 1936, 1: 646, -1: 598}
margin: 0.0225634881131, window: 12300, back_windows: [2100, 9900, 30000]back_other: 38700

