i: 183, score: 0.561593820195, precision: 0.562666640012, recall: 0.561593820195, classes: {0: 2021, 1: 602, -1: 554}
margin: 0.0273207885783, window: 16500, back_windows: [3300, 5100, 38700]back_other: 15900

