i: 118, score: 0.519596860281, precision: 0.55895328668, recall: 0.519596860281, classes: {0: 2026, 1: 616, -1: 535}
margin: 0.0307763297059, window: 21000, back_windows: [2100, 20700, 33600]back_other: 42600

