i: 230, score: 0.472039651466, precision: 0.500986865643, recall: 0.472039651466, classes: {0: 1071, 1: 1113, -1: 993}
margin: 0.0151012426209, window: 21300, back_windows: [1800, 9600, 36900]back_other: 24900

