i: 46, score: 0.457039095352, precision: 0.520645799331, recall: 0.457039095352, classes: {0: 1179, 1: 1045, -1: 957}
margin: 0.0151278435816, window: 18000, back_windows: [1500, 16200, 28800]back_other: 15600

