i: 203, score: 0.442017788186, precision: 0.509254268072, recall: 0.442017788186, classes: {0: 1127, 1: 1054, -1: 996}
margin: 0.0131726220693, window: 14100, back_windows: [600, 12000, 33900]back_other: 26700

