i: 111, score: 0.858575080425, precision: 0.765703485455, recall: 0.858575080425, classes: {0: 2892, 1: 151, -1: 134}
margin: 0.0139253749765, window: 300, back_windows: [2400, 17100, 36300]back_other: 12300

