i: 182, score: 0.698703037797, precision: 0.628764662887, recall: 0.698703037797, classes: {0: 2472, 1: 373, -1: 335}
margin: 0.0297662720586, window: 8100, back_windows: [2100, 15300, 32400]back_other: 39900

