i: 116, score: 0.484671434725, precision: 0.493796211453, recall: 0.484671434725, classes: {0: 262, 1: 1545, -1: 1374}
margin: 0.00744331981018, window: 21300, back_windows: [900, 21000, 26400]back_other: 9300

