i: 3, score: 0.434307574416, precision: 0.488373883011, recall: 0.434307574416, classes: {0: 1172, 1: 1026, -1: 982}
margin: 0.01088714873, window: 8100, back_windows: [1200, 5700, 30600]back_other: 6300

