i: 73, score: 0.445427740279, precision: 0.514677852745, recall: 0.445427740279, classes: {0: 1619, 1: 820, -1: 738}
margin: 0.0227340414176, window: 21300, back_windows: [3300, 5400, 36000]back_other: 32400

