i: 167, score: 0.464196666968, precision: 0.468296855209, recall: 0.464196666968, classes: {0: 420, 1: 1419, -1: 1338}
margin: 0.00703424266686, window: 11400, back_windows: [3300, 9000, 35100]back_other: 29400

