i: 25, score: 0.784009041189, precision: 0.692231275104, recall: 0.784009041189, classes: {0: 2667, 1: 277, -1: 237}
margin: 0.0120649554552, window: 600, back_windows: [1500, 21000, 22200]back_other: 26700

