i: 137, score: 0.466234871458, precision: 0.562164875137, recall: 0.466234871458, classes: {0: 1666, 1: 798, -1: 716}
margin: 0.0233926343278, window: 21000, back_windows: [3300, 16800, 29400]back_other: 9600

