i: 122, score: 0.699826545294, precision: 0.653554547208, recall: 0.699826545294, classes: {0: 2489, 1: 370, -1: 322}
margin: 0.0275063829996, window: 6600, back_windows: [3000, 9900, 23700]back_other: 23100

