i: 96, score: 0.499618491102, precision: 0.551883712277, recall: 0.499618491102, classes: {0: 1916, 1: 654, -1: 611}
margin: 0.0254686521844, window: 17400, back_windows: [1500, 11100, 23400]back_other: 38400

