i: 82, score: 0.480206645428, precision: 0.489608303614, recall: 0.480206645428, classes: {0: 378, 1: 1451, -1: 1350}
margin: 0.00472325527132, window: 5400, back_windows: [3000, 16200, 33000]back_other: 300

