i: 198, score: 0.453800630875, precision: 0.506288499155, recall: 0.453800630875, classes: {0: 1226, 1: 1003, -1: 947}
margin: 0.0143414859685, window: 14700, back_windows: [1800, 5700, 42300]back_other: 15600

