i: 160, score: 0.442683982254, precision: 0.480697124935, recall: 0.442683982254, classes: {0: 951, 1: 1166, -1: 1063}
margin: 0.0128842098448, window: 18300, back_windows: [3000, 12300, 29700]back_other: 8700

