i: 136, score: 0.475611334036, precision: 0.53184976289, recall: 0.475611334036, classes: {0: 1017, 1: 1136, -1: 1024}
margin: 0.0138667792622, window: 19200, back_windows: [1500, 5700, 34800]back_other: 42900

