i: 185, score: 0.43407973716, precision: 0.513250391247, recall: 0.43407973716, classes: {0: 1710, 1: 772, -1: 698}
margin: 0.0240315359987, window: 20700, back_windows: [3000, 17400, 29100]back_other: 7800

