i: 19, score: 0.451488135051, precision: 0.464235685736, recall: 0.451488135051, classes: {0: 565, 1: 1354, -1: 1262}
margin: 0.00900899826554, window: 15900, back_windows: [3300, 10200, 26700]back_other: 15900

