i: 77, score: 0.628104152788, precision: 0.616747696456, recall: 0.628104152788, classes: {0: 2279, 1: 469, -1: 428}
margin: 0.0311625059403, window: 13800, back_windows: [2400, 9300, 41100]back_other: 20100

