i: 125, score: 0.541086641166, precision: 0.597478232815, recall: 0.541086641166, classes: {0: 1918, 1: 652, -1: 606}
margin: 0.0233389363457, window: 13800, back_windows: [300, 17400, 41100]back_other: 19500

